date_time,maxtempC,mintempC,totalSnow_cm,sunHour,uvIndex,moon_illumination,moonrise,moonset,sunrise,sunset,DewPointC,FeelsLikeC,HeatIndexC,WindChillC,WindGustKmph,cloudcover,humidity,precipMM,pressure,tempC,visibility,winddirDegree,windspeedKmph,location
2018-01-01,5,0,0.0,8.7,2,97,04:39 PM,06:08 AM,07:32 AM,05:21 PM,-8,-3,2,-3,30,0,47,0.0,1026,5,10,310,23,Ulsan
2018-01-02,7,1,0.0,8.7,2,100,05:42 PM,07:15 AM,07:33 AM,05:21 PM,-6,-1,3,-1,24,7,52,0.0,1027,7,10,302,16,Ulsan
2018-01-03,4,-0,0.0,8.7,2,89,06:50 PM,08:15 AM,07:33 AM,05:22 PM,-11,-3,1,-3,24,31,41,0.0,1028,4,10,313,18,Ulsan
2018-01-04,4,-1,0.0,7.0,2,81,07:59 PM,09:10 AM,07:33 AM,05:23 PM,-11,-2,1,-2,14,40,40,0.0,1026,4,10,246,10,Ulsan
2018-01-05,6,1,0.0,7.0,2,74,09:08 PM,09:57 AM,07:33 AM,05:24 PM,-7,0,4,0,18,51,48,0.1,1019,6,10,315,13,Ulsan
2018-01-06,6,0,0.0,8.7,2,67,10:13 PM,10:38 AM,07:33 AM,05:25 PM,-8,-2,2,-2,25,0,48,0.0,1021,6,10,315,19,Ulsan
2018-01-07,6,1,0.0,7.0,2,59,11:17 PM,11:16 AM,07:33 AM,05:25 PM,-5,3,4,3,6,40,53,0.0,1022,6,10,280,4,Ulsan
2018-01-08,6,4,0.0,3.7,2,52,No moonrise,11:50 AM,07:33 AM,05:26 PM,3,3,5,3,18,80,83,3.6,1011,6,9,285,12,Ulsan
2018-01-09,4,-0,0.0,7.0,2,45,12:17 AM,12:22 PM,07:33 AM,05:27 PM,-5,-4,2,-4,35,36,63,0.1,1012,4,9,280,28,Ulsan
2018-01-10,1,-4,0.0,7.0,2,38,01:16 AM,12:55 PM,07:33 AM,05:28 PM,-8,-6,-0,-6,27,39,58,0.1,1016,1,10,289,22,Ulsan
2018-01-11,-3,-7,0.0,8.7,2,30,02:12 AM,01:28 PM,07:33 AM,05:29 PM,-13,-12,-5,-12,29,4,54,0.0,1024,-3,10,293,25,Ulsan
2018-01-12,-2,-8,0.0,8.7,2,23,03:08 AM,02:03 PM,07:33 AM,05:30 PM,-14,-13,-6,-13,27,0,53,0.0,1028,-2,10,302,22,Ulsan
2018-01-13,3,-4,0.0,8.7,2,16,04:03 AM,02:41 PM,07:32 AM,05:31 PM,-7,-6,-1,-6,26,9,61,0.0,1031,3,10,307,20,Ulsan
2018-01-14,6,-0,0.0,8.7,2,9,04:57 AM,03:22 PM,07:32 AM,05:32 PM,-3,0,3,0,16,10,66,0.0,1030,6,10,263,11,Ulsan
2018-01-15,11,5,0.0,8.7,3,1,05:48 AM,04:07 PM,07:32 AM,05:33 PM,3,6,8,6,17,33,70,0.3,1024,11,10,248,11,Ulsan
2018-01-16,8,6,0.0,3.8,2,0,06:37 AM,04:55 PM,07:32 AM,05:34 PM,5,5,7,5,20,69,82,7.1,1019,8,9,207,12,Ulsan
2018-01-17,8,6,0.0,3.8,2,0,07:23 AM,05:47 PM,07:31 AM,05:35 PM,5,4,7,4,22,81,86,8.6,1016,8,9,186,16,Ulsan
2018-01-18,9,4,0.0,7.1,3,6,08:05 AM,06:41 PM,07:31 AM,05:36 PM,1,4,6,4,15,21,71,0.0,1021,9,10,304,10,Ulsan
2018-01-19,8,2,0.0,7.1,2,13,08:44 AM,07:36 PM,07:31 AM,05:37 PM,-7,3,5,3,15,26,42,0.0,1022,8,10,309,9,Ulsan
2018-01-20,8,2,0.0,8.7,2,20,09:20 AM,08:32 PM,07:30 AM,05:38 PM,-6,1,4,1,19,2,46,0.0,1022,8,10,316,12,Ulsan
2018-01-21,8,3,0.0,7.1,2,28,09:54 AM,09:30 PM,07:30 AM,05:39 PM,-6,3,5,3,16,43,48,0.0,1023,8,10,199,11,Ulsan
2018-01-22,6,4,0.0,5.4,2,35,10:26 AM,10:28 PM,07:29 AM,05:40 PM,-1,3,5,3,16,73,64,0.0,1016,6,10,237,11,Ulsan
2018-01-23,4,-6,0.0,8.7,2,42,10:59 AM,11:28 PM,07:29 AM,05:41 PM,-9,-9,-2,-9,37,7,57,0.0,1019,4,10,294,31,Ulsan
2018-01-24,-5,-10,0.0,8.7,2,49,11:32 AM,No moonset,07:28 AM,05:42 PM,-16,-16,-8,-16,33,15,50,0.0,1025,-5,10,307,29,Ulsan
2018-01-25,-2,-9,0.0,8.7,2,57,12:07 PM,12:29 AM,07:28 AM,05:43 PM,-19,-13,-6,-13,25,23,37,0.0,1025,-2,10,310,21,Ulsan
2018-01-26,-3,-10,0.0,8.7,2,64,12:46 PM,01:33 AM,07:27 AM,05:44 PM,-17,-14,-7,-14,27,8,42,0.0,1025,-3,10,315,23,Ulsan
2018-01-27,2,-7,0.0,8.7,2,71,01:31 PM,02:38 AM,07:27 AM,05:45 PM,-18,-6,-3,-6,12,20,32,0.0,1027,2,10,300,9,Ulsan
2018-01-28,3,-1,0.0,7.1,2,78,02:21 PM,03:46 AM,07:26 AM,05:46 PM,-14,-4,1,-4,21,43,35,0.0,1020,3,10,296,16,Ulsan
2018-01-29,-1,-5,0.0,8.7,2,86,03:20 PM,04:52 AM,07:25 AM,05:47 PM,-13,-10,-3,-10,28,16,47,0.0,1021,-1,10,307,24,Ulsan
2018-01-30,0,-6,0.0,7.1,2,93,04:24 PM,05:55 AM,07:25 AM,05:48 PM,-14,-9,-3,-9,25,13,44,0.0,1025,0,10,303,21,Ulsan
2018-01-31,4,-1,0.0,7.1,2,97,05:33 PM,06:53 AM,07:24 AM,05:49 PM,-11,-1,1,-1,13,35,40,0.0,1027,4,10,293,9,Ulsan
2018-02-01,5,-0,0.0,8.7,2,88,06:42 PM,07:44 AM,07:23 AM,05:50 PM,-10,-2,2,-2,18,11,40,0.0,1026,5,10,294,13,Ulsan
2018-02-02,5,1,0.0,7.1,2,81,07:52 PM,08:29 AM,07:22 AM,05:51 PM,-10,-2,2,-2,20,21,40,0.0,1026,5,10,327,14,Ulsan
2018-02-03,1,-3,0.0,8.7,2,73,08:58 PM,09:10 AM,07:22 AM,05:52 PM,-12,-6,-0,-6,28,1,43,0.0,1024,1,10,305,22,Ulsan
2018-02-04,-2,-7,0.0,8.7,2,66,10:02 PM,09:46 AM,07:21 AM,05:53 PM,-14,-13,-5,-13,37,0,49,0.0,1025,-2,10,301,33,Ulsan
2018-02-05,-2,-7,0.0,8.7,2,58,11:03 PM,10:20 AM,07:20 AM,05:54 PM,-15,-13,-5,-13,36,5,47,0.0,1024,-2,10,300,31,Ulsan
2018-02-06,-2,-8,0.0,8.7,2,51,No moonrise,10:54 AM,07:19 AM,05:55 PM,-15,-13,-6,-13,30,0,49,0.0,1023,-2,10,300,26,Ulsan
2018-02-07,-0,-8,0.0,8.7,2,43,12:03 AM,11:28 AM,07:18 AM,05:56 PM,-17,-10,-4,-10,21,1,39,0.0,1024,-0,10,302,17,Ulsan
2018-02-08,4,-4,0.0,8.7,2,36,01:00 AM,12:03 PM,07:17 AM,05:57 PM,-14,-3,0,-3,14,7,34,0.0,1024,4,10,262,10,Ulsan
2018-02-09,9,2,0.0,7.1,2,28,01:56 AM,12:40 PM,07:16 AM,05:58 PM,-2,3,5,3,16,45,58,0.0,1023,9,10,239,10,Ulsan
2018-02-10,8,3,0.0,5.5,2,20,02:50 AM,01:20 PM,07:15 AM,05:59 PM,-2,2,5,2,20,79,61,0.0,1019,8,10,293,14,Ulsan
2018-02-11,1,-3,0.0,10.9,2,13,03:43 AM,02:03 PM,07:14 AM,06:00 PM,-11,-8,-1,-8,32,22,48,0.0,1022,1,10,291,27,Ulsan
2018-02-12,1,-5,0.0,10.1,2,5,04:32 AM,02:50 PM,07:13 AM,06:01 PM,-11,-8,-2,-8,28,42,51,0.0,1021,1,10,286,23,Ulsan
2018-02-13,4,-2,0.0,10.9,2,0,05:20 AM,03:41 PM,07:12 AM,06:02 PM,-9,-4,0,-4,23,22,50,0.0,1023,4,10,264,17,Ulsan
2018-02-14,12,2,0.0,10.1,3,0,06:03 AM,04:34 PM,07:11 AM,06:03 PM,0,3,7,3,38,18,63,0.0,1019,12,10,234,25,Ulsan
2018-02-15,9,4,0.0,10.1,3,0,06:43 AM,05:30 PM,07:10 AM,06:04 PM,-2,4,6,4,16,32,56,0.0,1019,9,10,205,11,Ulsan
2018-02-16,10,3,0.0,11.0,3,2,07:21 AM,06:26 PM,07:09 AM,06:05 PM,-6,4,6,4,12,30,43,0.0,1017,10,10,262,8,Ulsan
2018-02-17,5,-1,0.0,11.0,2,10,07:55 AM,07:24 PM,07:08 AM,06:06 PM,-13,-2,2,-2,25,9,35,0.0,1021,5,10,315,19,Ulsan
2018-02-18,7,0,0.0,10.1,2,17,08:28 AM,08:23 PM,07:07 AM,06:07 PM,-13,1,3,1,9,41,29,0.0,1025,7,10,256,7,Ulsan
2018-02-19,9,3,0.0,8.6,3,25,09:01 AM,09:23 PM,07:06 AM,06:08 PM,-6,5,6,5,9,56,42,0.0,1023,9,10,200,6,Ulsan
2018-02-20,10,4,0.0,11.1,3,32,09:35 AM,10:23 PM,07:04 AM,06:09 PM,-6,4,6,4,17,9,41,0.0,1022,10,10,314,12,Ulsan
2018-02-21,6,2,0.0,8.6,2,40,10:09 AM,11:25 PM,07:03 AM,06:10 PM,-10,1,4,1,19,48,35,0.0,1022,6,10,290,14,Ulsan
2018-02-22,6,-0,0.0,10.1,2,47,10:46 AM,No moonset,07:02 AM,06:11 PM,-12,0,3,0,15,27,32,0.0,1023,6,10,299,10,Ulsan
2018-02-23,9,3,0.0,11.1,3,55,11:27 AM,12:28 AM,07:01 AM,06:12 PM,-4,3,6,3,21,11,50,0.0,1023,9,10,248,14,Ulsan
2018-02-24,11,6,0.0,8.6,3,62,12:13 PM,01:33 AM,07:00 AM,06:13 PM,1,5,8,5,22,43,63,0.0,1026,11,10,197,14,Ulsan
2018-02-25,10,6,0.0,8.7,2,70,01:06 PM,02:37 AM,06:58 AM,06:14 PM,4,7,8,7,8,71,75,3.4,1024,10,10,118,6,Ulsan
2018-02-26,9,4,0.0,11.6,3,77,02:06 PM,03:40 AM,06:57 AM,06:15 PM,-1,4,6,4,17,6,58,0.0,1024,9,10,167,12,Ulsan
2018-02-27,13,5,0.0,10.2,3,85,03:11 PM,04:38 AM,06:56 AM,06:16 PM,2,8,9,8,12,35,63,0.0,1024,13,10,216,9,Ulsan
2018-02-28,10,7,0.0,5.8,2,93,04:18 PM,05:31 AM,06:55 AM,06:16 PM,5,7,9,7,23,77,77,16.2,1012,10,7,87,16,Ulsan
2018-03-01,9,3,0.0,8.7,3,96,05:28 PM,06:18 AM,06:53 AM,06:17 PM,-1,3,7,3,39,54,61,2.3,1005,9,10,290,30,Ulsan
2018-03-02,9,-0,0.0,11.6,2,100,06:35 PM,07:01 AM,06:52 AM,06:18 PM,-8,1,4,1,16,34,41,0.0,1017,9,10,255,12,Ulsan
2018-03-03,13,5,0.0,11.6,3,89,07:42 PM,07:39 AM,06:51 AM,06:19 PM,1,7,9,7,18,9,57,0.0,1015,13,10,228,12,Ulsan
2018-03-04,15,9,0.0,8.7,4,82,08:45 PM,08:15 AM,06:49 AM,06:20 PM,10,11,12,11,14,47,84,0.0,1015,15,10,195,9,Ulsan
2018-03-05,12,4,0.0,5.9,2,74,09:47 PM,08:50 AM,06:48 AM,06:21 PM,5,3,7,3,45,98,87,25.8,1014,12,9,27,35,Ulsan
2018-03-06,8,3,0.0,10.2,3,67,10:47 PM,09:24 AM,06:47 AM,06:22 PM,0,1,5,1,27,56,71,0.0,1029,8,10,39,21,Ulsan
2018-03-07,7,5,0.0,5.9,2,60,11:45 PM,09:59 AM,06:45 AM,06:23 PM,3,2,6,2,30,99,79,0.3,1029,7,9,62,23,Ulsan
2018-03-08,6,4,0.0,5.9,2,53,No moonrise,10:36 AM,06:44 AM,06:24 PM,4,1,5,1,38,100,89,19.8,1016,6,8,142,29,Ulsan
2018-03-09,6,3,0.0,5.9,1,45,12:41 AM,11:16 AM,06:42 AM,06:24 PM,1,0,5,0,28,77,75,0.2,1023,6,10,106,21,Ulsan
2018-03-10,10,3,0.0,10.2,3,38,01:35 AM,11:58 AM,06:41 AM,06:25 PM,2,5,6,5,12,40,72,0.0,1024,10,10,227,9,Ulsan
2018-03-11,13,4,0.0,11.6,3,31,02:26 AM,12:44 PM,06:40 AM,06:26 PM,0,8,9,8,15,0,56,0.0,1024,13,10,258,10,Ulsan
2018-03-12,14,7,0.0,11.6,4,24,03:14 AM,01:33 PM,06:38 AM,06:27 PM,3,10,11,10,17,0,58,0.0,1023,14,10,216,11,Ulsan
2018-03-13,16,9,0.0,11.6,4,16,03:59 AM,02:25 PM,06:37 AM,06:28 PM,7,10,12,10,28,0,69,0.0,1020,16,10,225,18,Ulsan
2018-03-14,18,11,0.0,11.6,4,9,04:40 AM,03:20 PM,06:35 AM,06:29 PM,10,13,14,13,24,13,75,0.0,1020,18,10,217,14,Ulsan
2018-03-15,14,13,0.0,6.0,3,2,05:19 AM,04:16 PM,06:34 AM,06:30 PM,12,12,14,12,29,86,92,5.1,1016,14,9,209,17,Ulsan
2018-03-16,10,3,0.0,8.8,3,0,05:55 AM,05:15 PM,06:33 AM,06:30 PM,2,0,5,0,43,68,77,3.1,1023,10,9,29,36,Ulsan
2018-03-17,9,3,0.0,11.6,3,0,06:28 AM,06:13 PM,06:31 AM,06:31 PM,-1,3,6,3,17,17,63,0.0,1028,9,10,83,13,Ulsan
2018-03-18,14,6,0.0,7.4,2,5,07:02 AM,07:14 PM,06:30 AM,06:32 PM,5,9,10,9,13,74,70,0.1,1022,14,10,206,9,Ulsan
2018-03-19,12,7,0.0,6.0,2,13,07:35 AM,08:15 PM,06:28 AM,06:33 PM,8,7,10,7,36,100,92,24.0,1016,12,8,66,26,Ulsan
2018-03-20,7,4,0.0,6.0,2,20,08:09 AM,09:19 PM,06:27 AM,06:34 PM,1,-0,6,-0,54,74,72,1.2,1022,7,9,38,44,Ulsan
2018-03-21,5,4,2.7,6.0,1,27,08:46 AM,10:22 PM,06:26 AM,06:35 PM,2,-2,4,-2,55,100,85,11.9,1014,5,8,73,43,Ulsan
2018-03-22,10,2,0.4,11.6,3,34,09:27 AM,11:27 PM,06:24 AM,06:36 PM,-2,4,6,4,19,38,60,0.5,1013,10,9,286,15,Ulsan
2018-03-23,12,5,0.0,11.6,3,42,10:11 AM,No moonset,06:23 AM,06:36 PM,0,8,9,8,12,3,55,0.0,1018,12,10,229,9,Ulsan
2018-03-24,15,7,0.0,11.6,4,49,11:01 AM,12:31 AM,06:21 AM,06:37 PM,2,10,11,10,15,21,54,0.0,1021,15,10,273,10,Ulsan
2018-03-25,18,8,0.0,11.6,4,56,11:58 AM,01:33 AM,06:20 AM,06:38 PM,5,12,13,12,20,0,60,0.0,1023,18,10,256,12,Ulsan
2018-03-26,18,10,0.0,11.6,4,63,12:59 PM,02:31 AM,06:18 AM,06:39 PM,5,14,14,14,16,6,56,0.0,1021,18,10,258,10,Ulsan
2018-03-27,19,11,0.0,11.6,4,71,02:04 PM,03:25 AM,06:17 AM,06:40 PM,8,15,15,15,17,5,60,0.0,1018,19,10,248,11,Ulsan
2018-03-28,19,12,0.0,11.6,5,78,03:10 PM,04:12 AM,06:16 AM,06:40 PM,8,15,15,15,24,2,63,0.0,1017,19,10,230,14,Ulsan
2018-03-29,18,11,0.0,11.6,4,85,04:17 PM,04:55 AM,06:14 AM,06:41 PM,10,14,15,14,18,12,72,0.0,1019,18,10,156,13,Ulsan
2018-03-30,13,10,0.0,11.6,4,93,05:23 PM,05:34 AM,06:13 AM,06:42 PM,4,10,12,10,22,12,60,0.0,1025,13,10,61,17,Ulsan
2018-03-31,17,9,0.0,11.6,4,96,06:27 PM,06:10 AM,06:11 AM,06:43 PM,6,14,14,14,14,0,57,0.0,1021,17,10,129,9,Ulsan
2018-04-01,19,12,0.0,10.2,5,89,07:30 PM,06:45 AM,06:10 AM,06:44 PM,9,15,15,15,21,30,66,0.0,1017,19,10,227,12,Ulsan
2018-04-02,20,13,0.0,11.6,5,81,08:31 PM,07:19 AM,06:09 AM,06:45 PM,12,16,16,16,24,4,76,0.0,1016,20,10,224,14,Ulsan
2018-04-03,21,14,0.0,11.6,5,74,09:31 PM,07:54 AM,06:07 AM,06:45 PM,13,17,17,17,25,9,78,0.0,1017,21,10,221,15,Ulsan
2018-04-04,16,9,0.0,6.2,3,66,10:29 PM,08:30 AM,06:06 AM,06:46 PM,8,9,11,9,27,91,85,0.1,1019,16,10,64,20,Ulsan
2018-04-05,10,9,0.0,6.2,2,59,11:25 PM,09:09 AM,06:04 AM,06:47 PM,6,7,9,7,21,97,80,0.0,1019,10,10,58,16,Ulsan
2018-04-06,14,8,0.0,10.3,3,51,No moonrise,09:51 AM,06:03 AM,06:48 PM,5,8,10,8,26,59,74,16.3,1010,14,9,240,19,Ulsan
2018-04-07,8,4,0.0,11.6,3,44,12:18 AM,10:36 AM,06:02 AM,06:49 PM,-3,2,6,2,37,21,51,0.0,1013,8,10,287,30,Ulsan
2018-04-08,11,3,0.0,12.5,3,36,01:08 AM,11:24 AM,06:00 AM,06:50 PM,-1,4,7,4,27,25,55,0.0,1018,11,10,247,20,Ulsan
2018-04-09,16,8,0.0,12.9,4,28,01:54 AM,12:15 PM,05:59 AM,06:50 PM,5,11,13,11,19,14,62,0.0,1017,16,10,230,13,Ulsan
2018-04-10,18,11,0.0,12.9,4,21,02:36 AM,01:09 PM,05:58 AM,06:51 PM,9,14,14,14,32,25,71,0.0,1016,18,10,199,20,Ulsan
2018-04-11,21,15,0.0,13.0,5,13,03:16 AM,02:04 PM,05:56 AM,06:52 PM,10,17,17,17,35,36,67,1.7,1010,21,10,246,21,Ulsan
2018-04-12,19,12,0.0,13.0,4,6,03:52 AM,03:01 PM,05:55 AM,06:53 PM,4,15,16,15,17,6,47,0.0,1017,19,10,279,10,Ulsan
2018-04-13,14,11,0.0,13.0,4,0,04:26 AM,04:00 PM,05:54 AM,06:54 PM,4,11,13,11,26,38,55,0.0,1024,14,10,56,18,Ulsan
2018-04-14,12,11,0.0,9.4,3,0,05:00 AM,05:00 PM,05:52 AM,06:55 PM,9,10,11,10,18,87,84,16.1,1010,12,9,186,13,Ulsan
2018-04-15,16,8,0.0,13.0,4,0,05:33 AM,06:02 PM,05:51 AM,06:55 PM,5,11,12,11,19,27,65,0.0,1010,16,10,303,13,Ulsan
2018-04-16,14,8,0.0,13.1,4,1,06:07 AM,07:06 PM,05:50 AM,06:56 PM,6,9,11,9,23,37,69,0.0,1019,14,10,155,17,Ulsan
2018-04-17,16,10,0.0,9.4,3,9,06:44 AM,08:11 PM,05:49 AM,06:57 PM,7,13,13,13,11,59,69,0.0,1020,16,10,91,8,Ulsan
2018-04-18,19,11,0.0,13.1,4,17,07:23 AM,09:18 PM,05:47 AM,06:58 PM,8,15,15,15,17,2,65,0.0,1017,19,10,239,11,Ulsan
2018-04-19,21,12,0.0,13.1,5,24,08:07 AM,10:24 PM,05:46 AM,06:59 PM,8,16,17,16,19,0,58,0.0,1016,21,10,235,11,Ulsan
2018-04-20,22,14,0.0,13.6,5,32,08:57 AM,11:28 PM,05:45 AM,07:00 PM,10,19,20,19,14,0,56,0.0,1019,22,10,188,8,Ulsan
2018-04-21,23,15,0.0,13.6,5,39,09:52 AM,No moonset,05:43 AM,07:00 PM,8,19,19,19,27,12,50,0.0,1019,23,10,218,14,Ulsan
2018-04-22,18,13,0.0,12.1,5,47,10:52 AM,12:28 AM,05:42 AM,07:01 PM,12,15,16,15,22,64,79,0.0,1019,18,10,128,14,Ulsan
2018-04-23,12,12,0.0,8.5,3,54,11:56 AM,01:23 AM,05:41 AM,07:02 PM,10,9,12,9,35,98,90,19.4,1018,12,8,32,26,Ulsan
2018-04-24,13,11,0.0,8.5,3,62,01:01 PM,02:11 AM,05:40 AM,07:03 PM,10,9,12,9,42,98,88,22.5,1010,13,8,19,32,Ulsan
2018-04-25,16,9,0.0,13.7,4,69,02:07 PM,02:55 AM,05:39 AM,07:04 PM,3,11,13,11,29,5,55,0.0,1013,16,10,18,21,Ulsan
2018-04-26,19,10,0.0,12.1,4,77,03:11 PM,03:34 AM,05:37 AM,07:05 PM,6,15,15,15,13,40,57,0.0,1014,19,10,232,8,Ulsan
2018-04-27,19,12,0.0,13.7,5,85,04:14 PM,04:09 AM,05:36 AM,07:05 PM,8,15,16,15,17,13,61,0.0,1013,19,10,198,11,Ulsan
2018-04-28,21,12,0.0,13.7,5,92,05:17 PM,04:44 AM,05:35 AM,07:06 PM,8,17,17,17,18,1,58,0.0,1017,21,10,194,11,Ulsan
2018-04-29,21,13,0.0,13.7,5,100,06:18 PM,05:17 AM,05:34 AM,07:07 PM,10,16,17,16,26,8,68,0.0,1014,21,10,226,16,Ulsan
2018-04-30,21,14,0.0,13.8,5,100,07:18 PM,05:51 AM,05:33 AM,07:08 PM,13,17,18,17,26,19,75,0.0,1014,21,10,226,16,Ulsan
2018-05-01,19,15,0.0,13.3,5,89,08:17 PM,06:26 AM,05:32 AM,07:09 PM,14,18,18,18,12,35,79,0.1,1015,19,10,170,8,Ulsan
2018-05-02,17,13,0.0,8.6,3,82,09:15 PM,07:04 AM,05:31 AM,07:10 PM,13,14,15,14,17,95,91,6.3,1007,17,9,103,12,Ulsan
2018-05-03,18,10,0.0,13.8,4,75,10:09 PM,07:45 AM,05:30 AM,07:11 PM,5,12,14,12,39,11,58,0.1,1007,18,10,281,28,Ulsan
2018-05-04,19,9,0.0,13.8,4,68,11:01 PM,08:28 AM,05:29 AM,07:11 PM,4,13,14,13,34,4,53,0.0,1013,19,10,262,22,Ulsan
2018-05-05,21,13,0.0,13.3,5,60,11:49 PM,09:16 AM,05:28 AM,07:12 PM,6,16,16,16,34,20,52,0.0,1017,21,10,222,20,Ulsan
2018-05-06,16,15,0.0,8.7,4,53,No moonrise,10:06 AM,05:27 AM,07:13 PM,14,16,16,16,29,90,89,8.6,1010,16,8,175,18,Ulsan
2018-05-07,15,13,0.0,11.0,4,46,12:33 AM,10:58 AM,05:26 AM,07:14 PM,13,13,14,13,24,83,93,11.1,1007,15,9,61,17,Ulsan
2018-05-08,14,12,0.0,8.7,3,39,01:13 AM,11:53 AM,05:25 AM,07:15 PM,11,11,13,11,40,98,85,0.6,1014,14,10,28,30,Ulsan
2018-05-09,13,10,0.0,12.2,4,31,01:50 AM,12:48 PM,05:24 AM,07:16 PM,8,9,12,9,34,62,78,0.2,1021,13,10,27,26,Ulsan
2018-05-10,18,9,0.0,13.9,4,24,02:25 AM,01:46 PM,05:23 AM,07:16 PM,9,13,14,13,16,14,72,0.0,1023,18,10,174,11,Ulsan
2018-05-11,20,13,0.0,14.0,5,17,02:58 AM,02:44 PM,05:22 AM,07:17 PM,10,16,17,16,22,15,65,0.0,1019,20,10,226,14,Ulsan
2018-05-12,19,15,0.0,11.0,4,9,03:31 AM,03:45 PM,05:21 AM,07:18 PM,12,17,17,17,24,63,76,0.7,1014,19,9,212,14,Ulsan
2018-05-13,22,16,0.0,13.3,5,2,04:04 AM,04:47 PM,05:20 AM,07:19 PM,16,19,19,19,23,44,84,10.8,1007,22,9,215,13,Ulsan
2018-05-14,23,15,0.0,14.0,5,0,04:38 AM,05:53 PM,05:19 AM,07:20 PM,14,20,21,20,15,1,71,0.0,1011,23,10,243,9,Ulsan
2018-05-15,25,17,0.0,12.2,6,0,05:17 AM,07:00 PM,05:19 AM,07:20 PM,13,21,22,21,25,35,64,0.0,1011,25,10,224,13,Ulsan
2018-05-16,21,19,0.0,8.8,5,5,05:59 AM,08:08 PM,05:18 AM,07:21 PM,19,20,20,20,33,82,91,4.5,1009,21,8,208,18,Ulsan
2018-05-17,22,21,0.0,8.8,5,12,06:47 AM,09:16 PM,05:17 AM,07:22 PM,20,21,23,21,33,83,93,0.2,1007,22,10,203,19,Ulsan
2018-05-18,21,13,0.0,9.9,4,19,07:42 AM,10:20 PM,05:16 AM,07:23 PM,17,17,19,17,31,91,92,2.4,1006,21,10,119,21,Ulsan
2018-05-19,16,12,0.0,12.2,3,27,08:42 AM,11:19 PM,05:16 AM,07:24 PM,10,12,14,12,36,65,77,1.1,1016,16,10,32,28,Ulsan
2018-05-20,17,13,0.0,13.4,4,34,09:47 AM,No moonset,05:15 AM,07:24 PM,10,13,14,13,36,30,74,0.0,1019,17,10,43,26,Ulsan
2018-05-21,19,14,0.0,11.1,4,41,10:53 AM,12:11 AM,05:14 AM,07:25 PM,12,14,16,14,28,53,80,0.1,1019,19,10,36,21,Ulsan
2018-05-22,21,13,0.0,14.1,5,48,12:00 PM,12:56 AM,05:14 AM,07:26 PM,13,17,17,17,17,29,77,0.0,1014,21,10,87,11,Ulsan
2018-05-23,22,15,0.0,13.4,5,56,01:05 PM,01:37 AM,05:13 AM,07:27 PM,14,18,19,18,13,43,79,13.6,1007,22,8,83,9,Ulsan
2018-05-24,24,14,0.0,14.1,5,63,02:07 PM,02:12 AM,05:13 AM,07:27 PM,12,20,21,20,15,11,60,0.0,1010,24,10,247,9,Ulsan
2018-05-25,25,16,0.0,12.2,6,70,03:09 PM,02:46 AM,05:12 AM,07:28 PM,11,21,22,21,18,33,54,0.0,1008,25,10,246,10,Ulsan
2018-05-26,24,16,0.0,14.2,5,78,04:10 PM,03:19 AM,05:11 AM,07:29 PM,12,21,22,21,13,5,58,0.0,1009,24,10,169,8,Ulsan
2018-05-27,22,16,0.0,11.1,4,85,05:09 PM,03:52 AM,05:11 AM,07:30 PM,14,19,20,19,15,62,72,0.0,1011,22,10,229,9,Ulsan
2018-05-28,22,18,0.0,14.2,5,92,06:08 PM,04:26 AM,05:10 AM,07:30 PM,15,20,21,20,12,31,73,0.0,1011,22,10,170,8,Ulsan
2018-05-29,24,18,0.0,14.2,6,99,07:06 PM,05:02 AM,05:10 AM,07:31 PM,17,21,22,21,12,27,81,0.0,1012,24,10,152,8,Ulsan
2018-05-30,23,19,0.0,13.4,6,100,08:02 PM,05:41 AM,05:10 AM,07:32 PM,18,21,22,21,16,29,81,3.8,1010,23,10,209,9,Ulsan
2018-05-31,22,18,0.0,14.2,5,89,08:55 PM,06:23 AM,05:09 AM,07:32 PM,15,20,20,20,15,21,73,0.0,1010,22,10,208,10,Ulsan
2018-06-01,25,16,0.0,14.2,6,74,09:45 PM,07:09 AM,05:09 AM,07:33 PM,15,21,22,21,10,6,69,0.0,1014,25,10,181,7,Ulsan
2018-06-02,26,19,0.0,14.2,6,67,10:30 PM,07:58 AM,05:09 AM,07:33 PM,16,24,24,23,15,7,64,0.0,1015,26,10,221,9,Ulsan
2018-06-03,26,20,0.0,14.3,6,59,11:12 PM,08:50 AM,05:08 AM,07:34 PM,15,24,24,23,20,7,61,0.0,1013,26,10,213,12,Ulsan
2018-06-04,25,19,0.0,14.3,6,52,11:50 PM,09:44 AM,05:08 AM,07:35 PM,16,22,23,22,21,12,68,0.0,1013,25,10,207,12,Ulsan
2018-06-05,21,18,0.0,11.2,5,44,No moonrise,10:38 AM,05:08 AM,07:35 PM,17,20,20,20,12,63,82,1.9,1013,21,9,187,8,Ulsan
2018-06-06,25,18,0.0,14.3,6,36,12:24 AM,11:34 AM,05:08 AM,07:36 PM,17,22,23,22,10,7,77,0.0,1012,25,10,188,7,Ulsan
2018-06-07,26,19,0.0,14.3,6,29,12:58 AM,12:31 PM,05:07 AM,07:36 PM,18,24,24,23,19,0,74,0.0,1012,26,10,209,12,Ulsan
2018-06-08,27,20,0.0,14.3,6,21,01:30 AM,01:30 PM,05:07 AM,07:37 PM,18,25,25,23,14,11,73,0.0,1008,27,10,181,9,Ulsan
2018-06-09,20,18,0.0,8.9,4,14,02:01 AM,02:30 PM,05:07 AM,07:37 PM,16,19,19,19,30,68,83,0.2,1009,20,10,32,21,Ulsan
2018-06-10,19,18,0.0,8.9,4,6,02:34 AM,03:33 PM,05:07 AM,07:38 PM,16,18,18,18,33,99,85,0.2,1005,19,10,42,24,Ulsan
2018-06-11,18,16,0.0,8.9,4,0,03:10 AM,04:38 PM,05:07 AM,07:38 PM,15,17,17,17,30,89,86,9.2,1001,18,10,21,22,Ulsan
2018-06-12,20,16,0.0,10.1,4,0,03:50 AM,05:46 PM,05:07 AM,07:39 PM,13,18,18,18,14,72,75,0.4,1004,20,10,39,10,Ulsan
2018-06-13,21,16,0.0,14.3,5,0,04:34 AM,06:55 PM,05:07 AM,07:39 PM,14,19,19,19,14,44,75,0.0,1008,21,10,173,10,Ulsan
2018-06-14,20,17,0.0,12.3,5,1,05:27 AM,08:03 PM,05:07 AM,07:40 PM,15,18,18,18,23,67,81,0.1,1009,20,10,57,17,Ulsan
2018-06-15,19,17,0.0,9.0,4,9,06:25 AM,09:06 PM,05:07 AM,07:40 PM,14,18,18,18,32,89,81,0.5,1011,19,10,36,24,Ulsan
2018-06-16,20,16,0.0,11.2,5,16,07:31 AM,10:03 PM,05:07 AM,07:40 PM,14,17,17,17,24,62,78,0.5,1014,20,10,41,18,Ulsan
2018-06-17,23,15,0.0,11.2,5,24,08:39 AM,10:53 PM,05:07 AM,07:41 PM,15,20,21,20,10,40,75,0.0,1011,23,10,60,7,Ulsan
2018-06-18,25,19,0.0,14.3,6,31,09:48 AM,11:37 PM,05:07 AM,07:41 PM,17,22,24,22,12,23,71,0.0,1008,25,10,153,8,Ulsan
2018-06-19,22,19,0.0,11.2,5,39,10:55 AM,No moonset,05:07 AM,07:41 PM,18,20,21,20,17,58,86,0.8,1006,22,10,211,10,Ulsan
2018-06-20,26,19,0.0,14.3,6,46,12:00 PM,12:15 AM,05:07 AM,07:41 PM,18,22,23,22,14,20,78,8.0,1003,26,10,222,9,Ulsan
2018-06-21,27,20,0.0,14.3,6,54,01:03 PM,12:50 AM,05:08 AM,07:42 PM,17,25,25,24,13,9,67,0.0,1006,27,10,239,8,Ulsan
2018-06-22,27,20,0.0,13.4,6,61,02:04 PM,01:23 AM,05:08 AM,07:42 PM,15,25,25,23,14,35,61,0.0,1009,27,10,225,8,Ulsan
2018-06-23,26,21,0.0,14.3,6,69,03:04 PM,01:55 AM,05:08 AM,07:42 PM,15,25,25,23,18,30,61,0.0,1005,26,10,225,11,Ulsan
2018-06-24,30,20,0.0,14.3,6,77,04:02 PM,02:28 AM,05:08 AM,07:42 PM,18,26,26,25,17,10,65,0.0,1007,30,10,256,9,Ulsan
2018-06-25,29,22,0.0,14.3,7,84,05:00 PM,03:03 AM,05:09 AM,07:42 PM,18,27,27,26,19,6,64,0.0,1011,29,10,220,11,Ulsan
2018-06-26,24,21,0.0,10.1,5,92,05:56 PM,03:41 AM,05:09 AM,07:42 PM,20,25,25,23,29,69,86,2.0,1009,24,9,199,18,Ulsan
2018-06-27,25,23,0.0,11.2,5,99,06:49 PM,04:21 AM,05:09 AM,07:42 PM,22,26,26,24,40,73,91,7.7,1004,25,8,213,26,Ulsan
2018-06-28,23,21,0.0,9.0,5,100,07:41 PM,05:06 AM,05:10 AM,07:43 PM,21,25,25,22,22,90,95,20.5,1002,23,7,197,14,Ulsan
2018-06-29,25,21,0.0,14.3,6,86,08:27 PM,05:53 AM,05:10 AM,07:43 PM,21,25,25,23,23,41,87,2.8,1004,25,9,194,15,Ulsan
2018-06-30,23,21,0.0,10.1,5,78,09:11 PM,06:44 AM,05:10 AM,07:43 PM,21,25,25,22,16,69,93,2.5,1011,23,8,188,11,Ulsan
2018-07-01,26,21,0.0,11.2,6,75,09:50 PM,07:37 AM,05:11 AM,07:43 PM,22,26,26,24,20,77,92,9.9,1012,26,8,166,13,Ulsan
2018-07-02,26,23,0.0,13.4,5,68,10:25 PM,08:31 AM,05:11 AM,07:42 PM,22,27,27,24,21,67,91,14.0,1009,26,8,163,12,Ulsan
2018-07-03,23,23,0.0,8.9,5,61,10:59 PM,09:27 AM,05:12 AM,07:42 PM,22,25,25,23,45,89,93,39.2,1000,23,8,92,29,Ulsan
2018-07-04,27,23,0.0,13.4,6,54,11:31 PM,10:22 AM,05:12 AM,07:42 PM,22,27,27,25,22,74,87,10.1,997,27,8,176,15,Ulsan
2018-07-05,23,22,0.0,8.9,5,46,No moonrise,11:19 AM,05:13 AM,07:42 PM,22,25,25,22,15,98,95,11.4,1004,23,8,61,11,Ulsan
2018-07-06,22,20,0.0,8.9,5,39,12:02 AM,12:17 PM,05:13 AM,07:42 PM,20,21,23,21,35,100,92,5.8,1007,22,9,41,25,Ulsan
2018-07-07,21,18,0.0,10.0,4,32,12:33 AM,01:17 PM,05:14 AM,07:42 PM,16,20,20,20,41,87,82,0.4,1010,21,10,23,31,Ulsan
2018-07-08,20,18,0.0,8.9,4,24,01:06 AM,02:19 PM,05:14 AM,07:41 PM,16,19,19,19,31,94,84,0.2,1013,20,10,20,23,Ulsan
2018-07-09,21,19,0.0,8.9,4,17,01:43 AM,03:25 PM,05:15 AM,07:41 PM,19,20,20,20,21,99,93,3.8,1016,21,7,32,14,Ulsan
2018-07-10,27,20,0.0,12.3,6,10,02:24 AM,04:32 PM,05:16 AM,07:41 PM,21,25,25,24,12,47,86,0.0,1016,27,7,90,8,Ulsan
2018-07-11,29,23,0.0,14.3,7,3,03:11 AM,05:40 PM,05:16 AM,07:41 PM,22,28,28,26,13,31,79,0.0,1016,29,10,154,8,Ulsan
2018-07-12,30,23,0.0,14.2,7,0,04:06 AM,06:46 PM,05:17 AM,07:40 PM,22,29,29,27,19,14,75,0.1,1014,30,10,226,11,Ulsan
2018-07-13,30,24,0.0,14.2,7,0,05:09 AM,07:48 PM,05:17 AM,07:40 PM,23,31,31,27,15,7,77,0.0,1012,30,10,186,9,Ulsan
2018-07-14,32,25,0.0,14.2,7,4,06:17 AM,08:42 PM,05:18 AM,07:39 PM,24,33,33,28,14,4,77,0.0,1011,32,10,231,8,Ulsan
2018-07-15,32,25,0.0,14.2,7,12,07:28 AM,09:30 PM,05:19 AM,07:39 PM,24,34,34,29,13,3,74,0.0,1011,32,10,223,9,Ulsan
2018-07-16,32,25,0.0,14.2,7,19,08:38 AM,10:12 PM,05:19 AM,07:38 PM,22,32,32,29,19,4,68,0.0,1012,32,10,225,11,Ulsan
2018-07-17,32,25,0.0,14.2,7,26,09:47 AM,10:49 PM,05:20 AM,07:38 PM,22,32,32,29,20,2,67,0.0,1012,32,10,226,12,Ulsan
2018-07-18,32,25,0.0,14.2,7,34,10:52 AM,11:24 PM,05:21 AM,07:37 PM,23,34,34,30,11,3,70,0.0,1011,32,10,224,8,Ulsan
2018-07-19,32,26,0.0,14.2,7,41,11:56 AM,11:57 PM,05:21 AM,07:37 PM,24,36,36,30,11,1,69,0.0,1010,32,10,227,7,Ulsan
2018-07-20,32,26,0.0,14.1,7,48,12:57 PM,No moonset,05:22 AM,07:36 PM,24,36,36,31,11,1,67,0.0,1009,32,10,196,8,Ulsan
2018-07-21,31,26,0.0,14.1,7,55,01:56 PM,12:30 AM,05:23 AM,07:36 PM,24,34,34,29,15,6,76,0.0,1009,31,10,170,11,Ulsan
2018-07-22,32,26,0.0,14.1,7,63,02:54 PM,01:05 AM,05:23 AM,07:35 PM,24,34,34,29,16,13,73,0.0,1009,32,10,193,11,Ulsan
2018-07-23,32,26,0.0,14.1,7,70,03:51 PM,01:42 AM,05:24 AM,07:34 PM,23,34,34,29,17,23,71,0.0,1009,32,10,224,11,Ulsan
2018-07-24,33,26,0.0,14.1,7,77,04:45 PM,02:21 AM,05:25 AM,07:34 PM,24,35,35,30,13,13,71,0.0,1008,33,10,219,8,Ulsan
2018-07-25,34,26,0.0,14.1,7,84,05:37 PM,03:04 AM,05:26 AM,07:33 PM,25,36,36,30,13,8,74,0.0,1007,34,10,216,9,Ulsan
2018-07-26,34,27,0.0,14.1,7,92,06:25 PM,03:50 AM,05:26 AM,07:32 PM,25,37,37,31,9,18,74,0.4,1007,34,10,186,6,Ulsan
2018-07-27,31,27,0.0,13.4,7,99,07:10 PM,04:39 AM,05:27 AM,07:32 PM,25,35,35,29,9,32,77,4.3,1007,31,10,94,6,Ulsan
2018-07-28,30,26,0.0,14.0,7,100,07:50 PM,05:32 AM,05:28 AM,07:31 PM,23,32,32,28,21,29,75,0.1,1006,30,10,29,15,Ulsan
2018-07-29,30,26,0.0,12.2,7,86,08:27 PM,06:26 AM,05:29 AM,07:30 PM,23,31,31,28,45,59,78,0.8,1002,30,9,16,32,Ulsan
2018-07-30,29,26,0.0,14.0,7,79,09:01 PM,07:21 AM,05:29 AM,07:29 PM,23,31,31,27,22,33,80,3.0,1004,29,10,48,15,Ulsan
2018-07-31,30,25,0.0,14.0,7,75,09:33 PM,08:17 AM,05:30 AM,07:28 PM,24,31,31,27,24,11,80,0.0,1004,30,10,33,17,Ulsan
2018-08-01,31,25,0.0,14.0,7,65,10:04 PM,09:13 AM,05:31 AM,07:27 PM,23,32,32,28,17,9,77,0.0,1004,31,10,39,12,Ulsan
2018-08-02,31,26,0.0,13.9,7,57,10:35 PM,10:10 AM,05:32 AM,07:26 PM,24,33,33,28,13,11,76,0.0,1006,31,10,52,10,Ulsan
2018-08-03,32,26,0.0,13.9,7,50,11:07 PM,11:08 AM,05:32 AM,07:26 PM,24,33,33,29,13,9,73,0.0,1008,32,10,206,9,Ulsan
2018-08-04,33,26,0.0,13.9,7,43,11:41 PM,12:08 PM,05:33 AM,07:25 PM,24,34,34,29,22,14,71,0.0,1008,33,10,232,14,Ulsan
2018-08-05,34,27,0.0,13.3,8,36,No moonrise,01:10 PM,05:34 AM,07:24 PM,25,36,36,30,11,26,72,0.0,1007,34,10,241,7,Ulsan
2018-08-06,31,27,0.0,13.3,7,28,12:18 AM,02:14 PM,05:35 AM,07:23 PM,24,33,33,28,18,40,79,0.6,1007,31,10,45,12,Ulsan
2018-08-07,29,25,0.0,12.2,6,21,01:01 AM,03:20 PM,05:36 AM,07:22 PM,23,30,30,27,20,54,80,0.6,1008,29,10,54,15,Ulsan
2018-08-08,30,25,0.0,13.3,7,14,01:51 AM,04:25 PM,05:36 AM,07:21 PM,22,30,30,27,15,32,72,0.0,1007,30,10,50,10,Ulsan
2018-08-09,31,25,0.0,13.8,7,6,02:48 AM,05:29 PM,05:37 AM,07:19 PM,23,31,31,28,15,35,76,0.0,1005,31,10,48,10,Ulsan
2018-08-10,27,25,0.0,8.6,6,0,03:53 AM,06:26 PM,05:38 AM,07:18 PM,23,29,29,26,14,84,82,0.6,1005,27,10,57,10,Ulsan
2018-08-11,28,25,0.0,8.6,6,0,05:02 AM,07:18 PM,05:39 AM,07:17 PM,23,29,29,26,24,82,84,0.6,1006,28,10,49,18,Ulsan
2018-08-12,29,25,0.0,12.1,6,1,06:14 AM,08:03 PM,05:39 AM,07:16 PM,24,32,32,27,17,54,85,3.1,1008,29,10,66,12,Ulsan
2018-08-13,33,26,0.0,13.8,7,8,07:25 AM,08:43 PM,05:40 AM,07:15 PM,24,35,35,30,10,17,74,0.4,1011,33,10,201,7,Ulsan
2018-08-14,32,27,0.0,13.7,7,15,08:34 AM,09:21 PM,05:41 AM,07:14 PM,24,34,34,30,10,6,70,0.0,1010,32,10,169,7,Ulsan
2018-08-15,30,26,0.0,12.1,7,22,09:41 AM,09:56 PM,05:42 AM,07:13 PM,24,32,32,28,24,41,81,11.2,1008,30,9,78,15,Ulsan
2018-08-16,28,24,0.0,10.9,6,30,10:44 AM,10:30 PM,05:43 AM,07:12 PM,23,30,30,26,35,72,83,26.3,1009,28,8,125,22,Ulsan
2018-08-17,26,23,0.0,13.3,6,37,11:47 AM,11:05 PM,05:43 AM,07:10 PM,19,26,26,24,35,43,71,0.2,1013,26,10,55,27,Ulsan
2018-08-18,26,21,0.0,13.7,6,44,12:46 PM,11:41 PM,05:44 AM,07:09 PM,17,25,25,23,25,31,70,0.1,1011,26,10,69,17,Ulsan
2018-08-19,28,20,0.0,13.6,6,51,01:44 PM,No moonset,05:45 AM,07:08 PM,18,26,26,24,11,19,68,0.0,1011,28,10,176,8,Ulsan
2018-08-20,28,22,0.0,13.6,7,59,02:39 PM,12:19 AM,05:46 AM,07:07 PM,20,28,28,26,10,8,73,0.0,1008,28,10,168,8,Ulsan
2018-08-21,31,24,0.0,13.6,7,66,03:33 PM,01:01 AM,05:46 AM,07:05 PM,22,30,30,27,16,10,73,0.0,1005,31,10,181,11,Ulsan
2018-08-22,29,26,0.0,13.6,7,73,04:22 PM,01:47 AM,05:47 AM,07:04 PM,24,32,32,28,27,18,80,0.0,1005,29,10,102,18,Ulsan
2018-08-23,28,27,0.0,13.3,7,81,05:08 PM,02:35 AM,05:48 AM,07:03 PM,24,31,31,27,39,56,81,7.6,1002,28,10,94,24,Ulsan
2018-08-24,30,26,0.0,10.9,6,88,05:50 PM,03:27 AM,05:49 AM,07:01 PM,24,31,31,27,49,55,82,5.4,998,30,10,204,32,Ulsan
2018-08-25,28,24,0.0,13.3,7,95,06:27 PM,04:20 AM,05:49 AM,07:00 PM,22,28,28,26,20,35,78,6.5,1009,28,10,233,13,Ulsan
2018-08-26,26,24,0.0,8.2,6,100,07:03 PM,05:16 AM,05:50 AM,06:59 PM,22,28,28,25,12,83,84,7.7,1012,26,10,215,7,Ulsan
2018-08-27,27,25,0.0,13.1,6,100,07:36 PM,06:11 AM,05:51 AM,06:57 PM,23,29,29,26,23,39,85,2.8,1013,27,10,212,15,Ulsan
2018-08-28,29,25,0.0,13.0,7,83,08:07 PM,07:08 AM,05:52 AM,06:56 PM,23,31,31,27,13,39,80,0.7,1013,29,10,201,9,Ulsan
2018-08-29,29,24,0.0,13.0,7,76,08:37 PM,08:05 AM,05:52 AM,06:55 PM,23,29,29,26,22,8,81,0.0,1012,29,10,212,16,Ulsan
2018-08-30,29,25,0.0,13.0,7,69,09:09 PM,09:03 AM,05:53 AM,06:53 PM,23,30,30,27,26,30,83,1.8,1010,29,10,215,18,Ulsan
2018-08-31,28,24,0.0,13.0,7,65,09:42 PM,10:02 AM,05:54 AM,06:52 PM,23,29,29,26,19,47,83,7.1,1011,28,10,211,13,Ulsan
2018-09-01,24,22,0.0,11.9,5,48,10:17 PM,11:03 AM,05:55 AM,06:51 PM,20,25,25,23,25,62,80,11.4,1012,24,9,46,17,Ulsan
2018-09-02,24,21,0.0,9.4,5,41,10:57 PM,12:05 PM,05:55 AM,06:49 PM,18,25,25,23,20,68,76,0.0,1011,24,10,49,14,Ulsan
2018-09-03,27,23,0.0,11.9,7,33,11:43 PM,01:09 PM,05:56 AM,06:48 PM,22,28,28,25,18,67,81,1.0,1005,27,10,166,13,Ulsan
2018-09-04,28,23,0.0,12.9,7,26,No moonrise,02:12 PM,05:57 AM,06:46 PM,21,28,28,25,19,40,77,1.3,997,28,8,268,13,Ulsan
2018-09-05,28,21,0.0,12.9,6,18,12:35 AM,03:14 PM,05:58 AM,06:45 PM,17,26,26,24,25,6,64,0.0,1003,28,10,263,16,Ulsan
2018-09-06,26,22,0.0,11.9,6,11,01:35 AM,04:12 PM,05:58 AM,06:43 PM,15,25,25,24,17,46,57,0.0,1007,26,10,238,11,Ulsan
2018-09-07,24,21,0.0,9.3,5,3,02:40 AM,05:05 PM,05:59 AM,06:42 PM,19,25,25,23,22,72,78,3.1,1006,24,10,228,15,Ulsan
2018-09-08,23,20,0.0,12.4,6,0,03:50 AM,05:53 PM,06:00 AM,06:41 PM,16,22,23,22,18,36,70,0.1,1012,23,10,172,12,Ulsan
2018-09-09,24,20,0.0,11.6,6,0,05:01 AM,06:35 PM,06:01 AM,06:39 PM,17,21,23,21,31,39,75,0.0,1015,24,10,21,22,Ulsan
2018-09-10,23,19,0.0,11.6,6,0,06:11 AM,07:14 PM,06:01 AM,06:38 PM,15,21,22,21,34,20,71,0.0,1020,23,10,37,24,Ulsan
2018-09-11,22,19,0.0,6.2,5,4,07:20 AM,07:50 PM,06:02 AM,06:36 PM,15,20,21,20,34,62,74,0.2,1020,22,10,44,25,Ulsan
2018-09-12,23,20,0.0,6.2,5,12,08:26 AM,08:25 PM,06:03 AM,06:35 PM,19,22,23,22,24,82,85,1.5,1018,23,10,42,17,Ulsan
2018-09-13,23,21,0.0,6.2,5,19,09:31 AM,09:01 PM,06:03 AM,06:33 PM,20,22,24,22,21,99,89,2.4,1017,23,10,45,15,Ulsan
2018-09-14,23,22,0.0,6.1,5,27,10:33 AM,09:37 PM,06:04 AM,06:32 PM,21,25,25,22,23,99,92,13.3,1016,23,9,56,16,Ulsan
2018-09-15,23,21,0.0,6.1,5,34,11:34 AM,10:15 PM,06:05 AM,06:30 PM,20,22,24,22,18,97,90,1.5,1015,23,8,27,12,Ulsan
2018-09-16,27,22,0.0,8.9,6,42,12:31 PM,10:57 PM,06:06 AM,06:29 PM,21,26,26,24,6,67,82,0.7,1014,27,10,184,4,Ulsan
2018-09-17,26,21,0.0,11.6,6,49,01:26 PM,11:41 PM,06:06 AM,06:27 PM,18,26,26,24,10,45,71,0.0,1016,26,10,241,7,Ulsan
2018-09-18,26,21,0.0,10.2,6,57,02:17 PM,No moonset,06:07 AM,06:26 PM,19,25,25,23,8,33,78,0.1,1016,26,10,188,6,Ulsan
2018-09-19,24,21,0.0,6.1,5,64,03:04 PM,12:29 AM,06:08 AM,06:25 PM,19,24,24,22,11,65,83,0.0,1015,24,10,73,8,Ulsan
2018-09-20,22,21,0.0,6.1,5,72,03:48 PM,01:20 AM,06:09 AM,06:23 PM,19,21,24,21,24,100,88,7.1,1010,22,10,80,17,Ulsan
2018-09-21,22,20,0.0,6.1,5,80,04:27 PM,02:13 AM,06:09 AM,06:22 PM,18,21,21,21,29,97,87,7.5,1009,22,9,88,20,Ulsan
2018-09-22,26,18,0.0,7.4,5,87,05:03 PM,03:08 AM,06:10 AM,06:20 PM,16,22,23,22,11,41,70,0.0,1014,26,10,298,8,Ulsan
2018-09-23,25,19,0.0,11.6,6,95,05:37 PM,04:03 AM,06:11 AM,06:19 PM,14,23,23,23,16,10,57,0.0,1016,25,10,232,10,Ulsan
2018-09-24,21,18,0.0,7.4,4,100,06:08 PM,05:00 AM,06:12 AM,06:17 PM,10,20,20,20,20,55,56,0.0,1018,21,10,333,13,Ulsan
2018-09-25,21,16,0.0,11.6,5,100,06:39 PM,05:58 AM,06:12 AM,06:16 PM,12,19,19,19,27,17,64,0.0,1018,21,10,149,19,Ulsan
2018-09-26,21,18,0.0,8.8,4,83,07:11 PM,06:56 AM,06:13 AM,06:14 PM,14,19,19,19,37,57,72,1.6,1018,21,10,42,26,Ulsan
2018-09-27,21,17,0.0,11.6,5,75,07:44 PM,07:56 AM,06:14 AM,06:13 PM,14,19,19,19,35,27,72,0.6,1018,21,10,28,24,Ulsan
2018-09-28,21,17,0.0,10.2,5,68,08:18 PM,08:57 AM,06:15 AM,06:11 PM,14,19,19,19,25,62,73,0.5,1018,21,10,53,17,Ulsan
2018-09-29,19,18,0.0,6.0,4,60,08:57 PM,09:59 AM,06:15 AM,06:10 PM,16,19,19,19,18,80,84,4.7,1015,19,10,50,12,Ulsan
2018-09-30,24,17,0.0,8.8,5,52,09:41 PM,11:03 AM,06:16 AM,06:09 PM,16,20,20,20,27,59,79,7.4,1004,24,9,145,18,Ulsan
2018-10-01,20,14,0.0,11.6,5,51,10:29 PM,12:06 PM,06:17 AM,06:07 PM,8,16,17,16,34,15,58,0.0,1007,20,10,275,23,Ulsan
2018-10-02,20,14,0.0,11.6,5,43,11:26 PM,01:07 PM,06:18 AM,06:06 PM,11,17,18,17,14,10,65,0.0,1016,20,10,218,10,Ulsan
2018-10-03,21,15,0.0,11.6,5,36,No moonrise,02:05 PM,06:19 AM,06:04 PM,10,19,19,19,13,5,59,0.0,1021,21,10,167,8,Ulsan
2018-10-04,22,17,0.0,7.3,4,29,12:27 AM,02:58 PM,06:19 AM,06:03 PM,15,20,20,20,32,49,73,0.2,1023,22,10,55,22,Ulsan
2018-10-05,21,19,0.0,5.9,5,21,01:33 AM,03:46 PM,06:20 AM,06:02 PM,19,20,20,20,39,100,92,29.7,1017,21,8,39,27,Ulsan
2018-10-06,23,20,0.0,8.7,5,14,02:41 AM,04:29 PM,06:21 AM,06:00 PM,19,21,23,21,45,74,88,64.1,1002,23,8,184,28,Ulsan
2018-10-07,24,17,0.0,8.7,6,7,03:50 AM,05:08 PM,06:22 AM,05:59 PM,16,22,22,22,8,10,72,0.0,1015,24,10,285,6,Ulsan
2018-10-08,20,15,0.0,8.7,5,0,04:59 AM,05:45 PM,06:23 AM,05:58 PM,8,17,18,17,19,34,53,0.0,1018,20,10,186,12,Ulsan
2018-10-09,19,16,0.0,8.7,5,0,06:05 AM,06:19 PM,06:23 AM,05:56 PM,9,18,18,18,19,47,57,0.0,1017,19,10,42,13,Ulsan
2018-10-10,19,13,0.0,7.2,5,0,07:11 AM,06:55 PM,06:24 AM,05:55 PM,10,17,17,17,17,44,63,0.0,1016,19,10,296,12,Ulsan
2018-10-11,15,11,0.0,8.7,4,7,08:15 AM,07:31 PM,06:25 AM,05:53 PM,3,11,13,11,28,16,53,0.0,1021,15,10,314,21,Ulsan
2018-10-12,16,9,0.0,8.7,4,15,09:18 AM,08:09 PM,06:26 AM,05:52 PM,5,11,13,11,19,4,59,0.0,1025,16,10,177,13,Ulsan
2018-10-13,18,13,0.0,4.2,4,22,10:18 AM,08:50 PM,06:27 AM,05:51 PM,10,15,15,15,21,60,71,0.0,1025,18,10,159,14,Ulsan
2018-10-14,19,13,0.0,8.7,5,29,11:16 AM,09:34 PM,06:28 AM,05:50 PM,9,16,17,16,13,16,63,0.0,1022,19,10,202,9,Ulsan
2018-10-15,19,14,0.0,8.7,5,36,12:09 PM,10:20 PM,06:28 AM,05:48 PM,8,17,17,17,12,27,55,0.0,1020,19,10,242,8,Ulsan
2018-10-16,18,14,0.0,5.7,5,44,12:59 PM,11:11 PM,06:29 AM,05:47 PM,10,16,16,16,15,57,66,0.3,1016,18,10,168,10,Ulsan
2018-10-17,19,13,0.0,8.7,5,51,01:44 PM,No moonset,06:30 AM,05:46 PM,10,15,16,15,17,24,71,2.6,1015,19,10,274,12,Ulsan
2018-10-18,17,12,0.0,8.7,4,58,02:25 PM,12:03 AM,06:31 AM,05:44 PM,9,13,14,13,26,24,71,1.3,1017,17,10,336,19,Ulsan
2018-10-19,17,12,0.0,8.7,4,66,03:02 PM,12:57 AM,06:32 AM,05:43 PM,9,13,14,13,38,22,73,0.0,1022,17,10,181,28,Ulsan
2018-10-20,18,12,0.0,8.7,4,73,03:36 PM,01:53 AM,06:33 AM,05:42 PM,6,14,15,14,18,0,56,0.0,1025,18,10,140,12,Ulsan
2018-10-21,19,12,0.0,8.7,5,80,04:08 PM,02:49 AM,06:34 AM,05:41 PM,6,16,16,16,11,25,52,0.0,1023,19,10,198,7,Ulsan
2018-10-22,19,14,0.0,5.7,5,87,04:39 PM,03:47 AM,06:35 AM,05:40 PM,10,16,16,16,11,49,66,0.0,1021,19,10,239,7,Ulsan
2018-10-23,20,15,0.0,8.7,5,95,05:11 PM,04:45 AM,06:35 AM,05:38 PM,11,17,17,17,11,21,67,0.0,1017,20,10,277,8,Ulsan
2018-10-24,19,12,0.0,8.7,5,100,05:43 PM,05:45 AM,06:36 AM,05:37 PM,7,16,17,16,12,0,57,0.0,1019,19,10,258,8,Ulsan
2018-10-25,18,12,0.0,8.7,5,100,06:17 PM,06:46 AM,06:37 AM,05:36 PM,7,16,16,16,11,6,56,0.0,1021,18,10,199,8,Ulsan
2018-10-26,18,14,0.0,7.2,5,84,06:55 PM,07:50 AM,06:38 AM,05:35 PM,11,16,16,16,15,28,71,4.9,1014,18,10,211,10,Ulsan
2018-10-27,14,10,0.0,5.6,4,76,07:38 PM,08:54 AM,06:39 AM,05:34 PM,6,10,12,10,29,29,64,0.0,1014,14,10,282,21,Ulsan
2018-10-28,16,9,0.0,8.7,4,69,08:26 PM,09:59 AM,06:40 AM,05:33 PM,5,11,12,11,31,18,62,0.0,1013,16,10,249,22,Ulsan
2018-10-29,16,11,0.0,5.6,4,62,09:20 PM,11:03 AM,06:41 AM,05:32 PM,6,12,13,12,23,32,64,0.2,1013,16,10,275,16,Ulsan
2018-10-30,13,7,0.0,8.7,3,54,10:20 PM,12:02 PM,06:42 AM,05:31 PM,0,8,10,8,20,0,53,0.0,1019,13,10,306,14,Ulsan
2018-10-31,14,8,0.0,8.7,4,51,11:25 PM,12:56 PM,06:43 AM,05:29 PM,2,9,11,9,19,1,53,0.0,1022,14,10,323,13,Ulsan
2018-11-01,15,6,0.0,8.7,4,34,No moonrise,01:45 PM,06:44 AM,05:28 PM,2,10,11,10,12,0,52,0.0,1025,15,10,249,8,Ulsan
2018-11-02,16,10,0.0,8.7,4,26,12:31 AM,02:28 PM,06:45 AM,05:27 PM,4,13,14,13,10,1,54,0.0,1027,16,10,212,7,Ulsan
2018-11-03,17,11,0.0,8.7,4,19,01:38 AM,03:07 PM,06:46 AM,05:26 PM,6,15,15,15,8,2,53,0.0,1025,17,10,231,6,Ulsan
2018-11-04,19,12,0.0,8.7,4,11,02:44 AM,03:43 PM,06:47 AM,05:26 PM,4,15,16,15,9,27,46,0.0,1022,19,10,225,5,Ulsan
2018-11-05,18,12,0.0,8.7,4,4,03:50 AM,04:17 PM,06:48 AM,05:25 PM,8,16,16,16,13,4,60,0.0,1022,18,10,155,9,Ulsan
2018-11-06,18,14,0.0,8.7,5,0,04:55 AM,04:51 PM,06:49 AM,05:24 PM,11,15,16,15,19,38,76,0.2,1024,18,10,31,13,Ulsan
2018-11-07,17,15,0.0,4.0,4,0,05:59 AM,05:26 PM,06:50 AM,05:23 PM,12,16,16,16,18,81,78,0.1,1024,17,10,64,12,Ulsan
2018-11-08,19,16,0.0,4.0,4,0,07:02 AM,06:03 PM,06:51 AM,05:22 PM,15,17,17,17,27,87,86,8.3,1017,19,8,136,18,Ulsan
2018-11-09,16,13,0.0,5.6,4,4,08:04 AM,06:42 PM,06:52 AM,05:21 PM,9,14,15,14,32,24,68,0.6,1017,16,10,274,23,Ulsan
2018-11-10,17,11,0.0,8.7,4,11,09:03 AM,07:25 PM,06:53 AM,05:20 PM,6,14,15,14,13,0,56,0.0,1024,17,10,268,9,Ulsan
2018-11-11,17,12,0.0,7.1,4,19,10:00 AM,08:11 PM,06:54 AM,05:19 PM,8,15,15,15,9,42,64,0.4,1022,17,9,276,7,Ulsan
2018-11-12,14,12,0.0,7.1,4,26,10:52 AM,09:01 PM,06:55 AM,05:19 PM,8,12,13,12,20,60,75,4.1,1018,14,10,121,15,Ulsan
2018-11-13,14,12,0.0,4.0,3,34,11:39 AM,09:53 PM,06:56 AM,05:18 PM,8,11,13,11,27,75,74,0.5,1018,14,10,36,20,Ulsan
2018-11-14,14,10,0.0,7.1,3,41,12:22 PM,10:46 PM,06:57 AM,05:17 PM,8,10,12,10,22,42,76,1.5,1022,14,10,19,15,Ulsan
2018-11-15,15,10,0.0,8.7,4,49,01:00 PM,11:41 PM,06:58 AM,05:17 PM,7,12,13,12,13,24,69,0.3,1025,15,10,60,9,Ulsan
2018-11-16,14,11,0.0,4.0,3,56,01:36 PM,No moonset,06:59 AM,05:16 PM,7,13,13,13,9,61,69,0.3,1021,14,9,267,6,Ulsan
2018-11-17,14,10,0.0,8.7,4,64,02:08 PM,12:37 AM,07:00 AM,05:15 PM,7,10,12,10,18,14,71,0.1,1021,14,10,215,13,Ulsan
2018-11-18,11,9,0.0,7.1,4,72,02:39 PM,01:33 AM,07:01 AM,05:15 PM,1,9,10,9,18,51,53,0.1,1020,11,10,317,12,Ulsan
2018-11-19,13,7,0.0,8.7,3,79,03:09 PM,02:30 AM,07:02 AM,05:14 PM,-1,8,10,8,18,32,49,0.0,1021,13,10,332,12,Ulsan
2018-11-20,12,7,0.0,8.7,3,87,03:41 PM,03:29 AM,07:03 AM,05:14 PM,-2,9,10,9,15,6,44,0.0,1024,12,10,261,10,Ulsan
2018-11-21,13,9,0.0,3.8,4,94,04:13 PM,04:30 AM,07:04 AM,05:13 PM,-2,10,11,10,10,56,40,0.0,1023,13,10,215,7,Ulsan
2018-11-22,10,5,0.0,8.7,3,100,04:50 PM,05:33 AM,07:05 AM,05:13 PM,-3,4,7,4,28,10,50,0.0,1023,10,10,325,22,Ulsan
2018-11-23,8,3,0.0,8.7,3,100,05:31 PM,06:38 AM,07:06 AM,05:12 PM,-8,2,5,2,21,6,38,0.0,1028,8,10,309,16,Ulsan
2018-11-24,12,5,0.0,7.1,3,83,06:17 PM,07:45 AM,07:07 AM,05:12 PM,-2,6,8,6,14,30,52,0.1,1026,12,10,276,10,Ulsan
2018-11-25,12,7,0.0,8.7,3,76,07:11 PM,08:51 AM,07:08 AM,05:12 PM,3,7,9,7,15,15,69,0.0,1024,12,10,296,10,Ulsan
2018-11-26,14,7,0.0,8.7,3,68,08:11 PM,09:55 AM,07:09 AM,05:11 PM,4,10,11,10,12,4,62,0.0,1025,14,10,245,8,Ulsan
2018-11-27,16,9,0.0,7.1,4,60,09:16 PM,10:53 AM,07:10 AM,05:11 PM,4,12,12,12,13,15,57,0.0,1022,16,10,298,8,Ulsan
2018-11-28,13,9,0.0,8.7,4,53,10:23 PM,11:45 AM,07:11 AM,05:11 PM,4,9,11,9,22,6,61,0.0,1022,13,10,175,15,Ulsan
2018-11-29,13,7,0.0,8.7,3,45,11:31 PM,12:29 PM,07:11 AM,05:10 PM,-3,9,10,9,14,15,41,0.0,1025,13,10,305,9,Ulsan
2018-11-30,14,8,0.0,8.7,3,38,No moonrise,01:10 PM,07:12 AM,05:10 PM,1,10,11,10,14,5,51,0.0,1026,14,10,299,9,Ulsan
2018-12-01,11,7,0.0,7.0,3,36,12:37 AM,01:46 PM,07:13 AM,05:10 PM,0,7,9,7,19,46,55,0.0,1027,11,10,179,12,Ulsan
2018-12-02,15,10,0.0,7.0,4,29,01:42 AM,02:19 PM,07:14 AM,05:10 PM,7,12,12,12,11,44,71,0.0,1025,15,10,112,7,Ulsan
2018-12-03,18,15,0.0,7.0,5,22,02:45 AM,02:52 PM,07:15 AM,05:10 PM,15,16,16,16,17,67,91,2.9,1018,18,7,196,11,Ulsan
2018-12-04,16,12,0.0,7.0,3,15,03:48 AM,03:26 PM,07:16 AM,05:10 PM,12,14,15,14,17,62,85,3.2,1015,16,9,286,12,Ulsan
2018-12-05,11,6,0.0,8.7,3,7,04:50 AM,04:01 PM,07:17 AM,05:10 PM,1,6,9,6,22,26,60,0.0,1024,11,10,296,16,Ulsan
2018-12-06,10,6,0.0,5.4,2,0,05:52 AM,04:38 PM,07:18 AM,05:10 PM,4,5,8,5,21,61,76,0.0,1020,10,10,320,15,Ulsan
2018-12-07,5,-2,0.0,7.0,1,0,06:52 AM,05:19 PM,07:19 AM,05:10 PM,-8,-5,1,-5,32,60,54,0.0,1027,5,10,310,27,Ulsan
2018-12-08,-0,-4,0.0,8.7,2,0,07:49 AM,06:04 PM,07:19 AM,05:10 PM,-12,-9,-2,-9,27,21,46,0.0,1032,-0,10,308,23,Ulsan
2018-12-09,2,-3,0.0,8.7,2,7,08:43 AM,06:52 PM,07:20 AM,05:10 PM,-15,-6,-1,-6,21,7,35,0.0,1034,2,10,315,17,Ulsan
2018-12-10,6,-1,0.0,8.7,2,14,09:34 AM,07:43 PM,07:21 AM,05:10 PM,-9,-1,2,-1,18,11,43,0.0,1033,6,10,174,12,Ulsan
2018-12-11,7,5,0.0,3.7,2,21,10:18 AM,08:36 PM,07:22 AM,05:10 PM,3,3,6,3,25,87,82,1.6,1027,7,9,142,18,Ulsan
2018-12-12,5,1,0.0,8.7,2,29,10:58 AM,09:31 PM,07:23 AM,05:10 PM,-5,-2,3,-2,29,5,57,0.0,1026,5,10,321,22,Ulsan
2018-12-13,6,0,0.0,8.7,2,36,11:35 AM,10:26 PM,07:23 AM,05:10 PM,-6,-2,3,-2,24,15,55,0.0,1028,6,10,301,18,Ulsan
2018-12-14,4,-1,0.0,8.7,2,43,12:08 PM,11:22 PM,07:24 AM,05:11 PM,-10,-4,1,-4,22,1,46,0.0,1032,4,10,320,17,Ulsan
2018-12-15,7,0,0.0,7.0,2,51,12:39 PM,No moonset,07:25 AM,05:11 PM,-9,0,3,0,15,10,42,0.0,1032,7,10,288,10,Ulsan
2018-12-16,5,3,0.0,3.7,2,58,01:09 PM,12:17 AM,07:25 AM,05:11 PM,-4,2,4,2,16,52,59,2.3,1022,5,10,288,10,Ulsan
2018-12-17,7,4,0.0,8.7,2,65,01:39 PM,01:14 AM,07:26 AM,05:12 PM,-2,1,5,1,26,6,63,0.0,1017,7,10,293,18,Ulsan
2018-12-18,7,2,0.0,8.7,2,72,02:10 PM,02:12 AM,07:27 AM,05:12 PM,-3,1,4,1,24,10,60,0.0,1021,7,10,284,17,Ulsan
2018-12-19,12,5,0.0,8.7,3,80,02:43 PM,03:13 AM,07:27 AM,05:12 PM,1,6,8,6,27,7,59,0.0,1021,12,10,252,17,Ulsan
2018-12-20,11,8,0.0,8.7,3,87,03:21 PM,04:16 AM,07:28 AM,05:13 PM,2,9,10,9,12,45,57,0.0,1022,11,10,167,8,Ulsan
2018-12-21,14,8,0.0,8.7,4,94,04:05 PM,05:23 AM,07:28 AM,05:13 PM,5,10,11,10,10,9,68,0.0,1023,14,10,107,7,Ulsan
2018-12-22,13,8,0.0,8.7,4,100,04:55 PM,06:30 AM,07:29 AM,05:14 PM,5,9,11,9,17,25,68,0.0,1022,13,10,179,11,Ulsan
2018-12-23,11,5,0.0,8.7,3,100,05:54 PM,07:37 AM,07:29 AM,05:14 PM,2,7,9,7,22,45,64,4.6,1021,11,9,244,17,Ulsan
2018-12-24,6,1,0.0,8.7,2,84,06:59 PM,08:40 AM,07:30 AM,05:15 PM,-10,-0,3,-0,21,9,38,0.0,1025,6,10,313,15,Ulsan
2018-12-25,7,1,0.0,5.4,1,77,08:08 PM,09:37 AM,07:30 AM,05:16 PM,-11,2,4,2,13,39,34,0.0,1024,7,10,308,9,Ulsan
2018-12-26,8,5,0.0,8.7,3,69,09:19 PM,10:26 AM,07:31 AM,05:16 PM,-4,3,6,3,21,58,52,0.1,1022,8,10,317,15,Ulsan
2018-12-27,3,-4,0.0,8.7,2,62,10:27 PM,11:10 AM,07:31 AM,05:17 PM,-14,-6,-0,-6,30,23,33,0.0,1024,3,10,312,25,Ulsan
2018-12-28,-1,-6,0.0,8.7,2,55,11:35 PM,11:48 AM,07:31 AM,05:17 PM,-14,-12,-4,-12,31,2,47,0.0,1028,-1,10,308,26,Ulsan
2018-12-29,0,-4,0.0,8.7,2,48,No moonrise,12:22 PM,07:32 AM,05:18 PM,-13,-10,-3,-10,39,0,44,0.0,1031,0,10,307,33,Ulsan
2018-12-30,2,-5,0.0,8.7,2,40,12:39 AM,12:56 PM,07:32 AM,05:19 PM,-13,-7,-2,-7,23,8,44,0.0,1034,2,10,326,18,Ulsan
2018-12-31,6,0,0.0,8.7,2,36,01:42 AM,01:29 PM,07:32 AM,05:20 PM,-8,-0,3,-0,17,36,44,0.0,1035,6,10,335,12,Ulsan
2019-01-01,3,-2,0.0,8.7,2,26,02:44 AM,02:03 PM,07:32 AM,05:20 PM,-9,-5,0,-5,25,13,52,0.0,1031,3,10,297,17,Ulsan
